# GIMP colorrc
# 
# This file holds a list of recently used colors.

(color-history
    (color-rgba 1.000000 1.000000 1.000000 1.000000)
    (color-rgba 0.090196 0.090196 0.090196 1.000000)
    (color-rgba 0.862745 0.384314 0.294118 1.000000)
    (color-rgba 0.752941 0.752941 0.752941 1.000000)
    (color-rgba 0.000000 0.000000 0.000000 1.000000)
    (color-rgba 0.855356 0.768322 0.731098 1.000000)
    (color-rgba 0.802158 0.787819 0.710637 1.000000)
    (color-rgba 0.839506 0.521914 0.115880 1.000000)
    (color-rgba 0.956863 0.839506 0.207843 1.000000)
    (color-rgba 1.000000 0.964706 0.949020 1.000000)
    (color-rgba 0.956863 0.258824 0.207843 1.000000)
    (color-rgba 0.298039 0.686275 0.313725 1.000000)
    (color-rgba 0.364706 0.203922 0.086275 1.000000)
    (color-rgba 0.227451 0.156863 0.105882 1.000000)
    (color-rgba 0.301961 0.207843 0.149020 1.000000)
    (color-rgba 0.137255 0.152941 0.160784 1.000000)
    (color-rgba 0.301961 0.207843 0.149020 0.000000)
    (color-rgba 0.227451 0.156863 0.105882 0.000000)
    (color-rgba 0.202835 0.056267 -0.119431 1.000000)
    (color-rgba 0.364706 0.203922 0.086275 0.000000)
    (color-rgba 0.251659 0.104516 -0.039795 1.000000)
    (color-rgba 0.000000 0.474510 0.827451 1.000000)
    (color-rgba 0.000000 0.474510 0.827451 0.000000)
    (color-rgba 0.537255 0.549020 0.556863 1.000000)
    (color-rgba 0.000000 0.085629 0.909804 1.000000)
    (color-rgba 0.000000 0.299700 0.909804 1.000000)
    (color-rgba 0.909804 0.192664 0.800124 1.000000)
    (color-rgba 0.000000 0.428143 0.909804 1.000000)
    (color-rgba 0.000000 0.650980 0.909804 1.000000)
    (color-rgba 0.003922 0.552941 0.768627 1.000000)
    (color-rgba 0.874510 0.325490 0.796078 1.000000)
    (color-rgba 0.282353 0.549020 0.717647 1.000000)
    (color-rgba 0.631373 0.188235 0.568627 1.000000)
    (color-rgba 0.585586 0.580824 0.580824 1.000000))

# end of colorrc
